1.000000e+00 1.197625e-11 1.704638e-10 -5.551115e-17 1.197625e-11 1.000000e+00 3.562503e-10 0.000000e+00 1.704638e-10 3.562503e-10 1.000000e+00 2.220446e-16
9.999996e-01 -9.035185e-04 -2.101169e-04 1.289128e-03 9.037964e-04 9.999987e-01 1.325646e-03 -1.821616e-02 2.089193e-04 -1.325834e-03 9.999991e-01 1.310643e+00
9.999985e-01 -1.646347e-03 -5.538205e-04 4.448326e-04 1.647375e-03 9.999969e-01 1.859719e-03 -4.203318e-02 5.507574e-04 -1.860627e-03 9.999981e-01 2.625299e+00
9.999939e-01 -3.413454e-03 -7.312197e-04 2.037581e-03 3.413847e-03 9.999940e-01 5.361920e-04 -6.302801e-02 7.293855e-04 -5.386841e-04 9.999996e-01 3.941730e+00
9.999932e-01 -3.635348e-03 -6.434003e-04 2.777892e-03 3.635872e-03 9.999930e-01 8.141188e-04 -8.483761e-02 6.404366e-04 -8.164517e-04 9.999995e-01 5.261017e+00
9.999922e-01 -3.925219e-03 -5.162240e-04 4.157928e-03 3.926062e-03 9.999909e-01 1.640787e-03 -1.014678e-01 5.097792e-04 -1.642800e-03 9.999985e-01 6.581638e+00
9.999848e-01 -5.504052e-03 -4.169862e-04 7.571022e-03 5.505158e-03 9.999812e-01 2.694454e-03 -1.165874e-01 4.021483e-04 -2.696707e-03 9.999963e-01 7.908775e+00
9.999864e-01 -5.184552e-03 -5.975596e-04 8.323818e-03 5.186662e-03 9.999801e-01 3.583038e-03 -1.328035e-01 5.789716e-04 -3.586087e-03 9.999934e-01 9.238962e+00
9.999889e-01 -4.630870e-03 -8.604706e-04 7.728339e-03 4.632472e-03 9.999875e-01 1.867105e-03 -1.497649e-01 8.518139e-04 -1.871070e-03 9.999979e-01 1.056963e+01
9.999977e-01 -1.900807e-03 -9.601046e-04 6.780918e-03 1.900055e-03 9.999979e-01 -7.842219e-04 -1.634547e-01 9.615936e-04 7.823964e-04 9.999992e-01 1.190426e+01
9.999986e-01 1.543588e-03 -6.218670e-04 3.419395e-03 -1.544659e-03 9.999973e-01 -1.724973e-03 -1.767480e-01 6.192031e-04 1.725931e-03 9.999983e-01 1.324208e+01
9.999920e-01 3.962554e-03 -5.304797e-04 -1.862182e-03 -3.963388e-03 9.999909e-01 -1.579139e-03 -1.959202e-01 5.242178e-04 1.581229e-03 9.999986e-01 1.458048e+01
9.999865e-01 5.189813e-03 -3.869434e-04 -5.851755e-03 -5.190150e-03 9.999861e-01 -8.728856e-04 -2.177602e-01 3.824083e-04 8.748826e-04 9.999996e-01 1.593066e+01
9.999955e-01 2.993090e-03 2.876761e-05 -4.267715e-03 -2.993137e-03 9.999939e-01 1.769063e-03 -2.364140e-01 -2.347214e-05 -1.769141e-03 9.999984e-01 1.728222e+01
9.999996e-01 -8.993856e-04 2.524904e-04 4.827890e-04 8.983692e-04 9.999916e-01 3.998216e-03 -2.537475e-01 -2.560839e-04 -3.997986e-03 9.999920e-01 1.863469e+01
9.999934e-01 -3.638641e-03 -3.959215e-05 5.006086e-03 3.638708e-03 9.999917e-01 1.831392e-03 -2.699101e-01 3.292839e-05 -1.831523e-03 9.999983e-01 1.998670e+01
9.999869e-01 -5.119262e-03 -2.320356e-04 4.134686e-03 5.119134e-03 9.999867e-01 -5.539281e-04 -2.931092e-01 2.348686e-04 5.527336e-04 9.999998e-01 2.134127e+01
9.999959e-01 -2.848774e-03 4.262615e-04 -7.654745e-04 2.849650e-03 9.999938e-01 -2.066802e-03 -3.222297e-01 -4.203707e-04 2.068008e-03 9.999978e-01 2.270575e+01
9.999992e-01 1.424853e-04 1.245425e-03 -7.369324e-03 -1.415313e-04 9.999997e-01 -7.660729e-04 -3.468119e-01 -1.245534e-03 7.658967e-04 9.999989e-01 2.407210e+01
9.999971e-01 1.440634e-03 1.942058e-03 -9.719264e-03 -1.451156e-03 9.999842e-01 5.427244e-03 -3.687424e-01 -1.934208e-03 -5.430044e-03 9.999834e-01 2.544868e+01
9.999966e-01 -1.050891e-03 2.369238e-03 -5.061181e-03 1.037930e-03 9.999845e-01 5.465290e-03 -3.871399e-01 -2.374945e-03 -5.462811e-03 9.999823e-01 2.682030e+01
9.999839e-01 -5.339007e-03 1.951315e-03 1.962273e-03 5.331392e-03 9.999782e-01 3.887907e-03 -4.099385e-01 -1.972030e-03 -3.877439e-03 9.999905e-01 2.819472e+01
9.999804e-01 -5.933229e-03 1.984892e-03 5.281593e-03 5.930623e-03 9.999815e-01 1.317193e-03 -4.328977e-01 -1.992671e-03 -1.305395e-03 9.999972e-01 2.957012e+01
9.999781e-01 -6.177289e-03 2.396696e-03 7.939024e-03 6.179643e-03 9.999804e-01 -9.754601e-04 -4.591179e-01 -2.390623e-03 9.902499e-04 9.999967e-01 3.094984e+01
9.999909e-01 -2.864263e-03 3.173275e-03 6.827076e-03 2.868672e-03 9.999949e-01 -1.385713e-03 -4.850133e-01 -3.169290e-03 1.394804e-03 9.999940e-01 3.233531e+01
9.999918e-01 -1.916604e-03 3.569832e-03 8.305167e-03 1.929098e-03 9.999920e-01 -3.499497e-03 -5.122367e-01 -3.563096e-03 3.506355e-03 9.999875e-01 3.371780e+01
9.999934e-01 -1.021449e-03 3.498427e-03 1.017340e-02 1.035312e-03 9.999916e-01 -3.963092e-03 -5.431160e-01 -3.494350e-03 3.966688e-03 9.999860e-01 3.511083e+01
9.999937e-01 -9.562966e-04 3.408962e-03 1.211940e-02 9.619574e-04 9.999981e-01 -1.659242e-03 -5.746233e-01 -3.407369e-03 1.662511e-03 9.999928e-01 3.650789e+01
9.999955e-01 -1.889567e-04 2.986144e-03 1.511478e-02 1.891381e-04 1.000000e+00 -6.045352e-05 -5.999006e-01 -2.986132e-03 6.101873e-05 9.999955e-01 3.790589e+01
9.999925e-01 2.514536e-03 2.962671e-03 1.696851e-02 -2.513425e-03 9.999967e-01 -3.789502e-04 -6.238526e-01 -2.963614e-03 3.715016e-04 9.999955e-01 3.930156e+01
9.999824e-01 5.051551e-03 3.101410e-03 1.942949e-02 -5.049835e-03 9.999871e-01 -5.613031e-04 -6.437120e-01 -3.104205e-03 5.456323e-04 9.999950e-01 4.070437e+01
9.999692e-01 7.203652e-03 3.111047e-03 1.916344e-02 -7.203531e-03 9.999740e-01 -5.033623e-05 -6.707246e-01 -3.111328e-03 2.792485e-05 9.999952e-01 4.211100e+01
9.999615e-01 8.308311e-03 2.843621e-03 2.134431e-02 -8.308996e-03 9.999654e-01 2.285387e-04 -6.941320e-01 -2.841624e-03 -2.521567e-04 9.999959e-01 4.351858e+01
9.999707e-01 7.259716e-03 2.412259e-03 2.622364e-02 -7.259297e-03 9.999736e-01 -1.830541e-04 -7.178581e-01 -2.413524e-03 1.655381e-04 9.999971e-01 4.492821e+01
9.999779e-01 6.426238e-03 1.720933e-03 3.086036e-02 -6.424858e-03 9.999790e-01 -8.074730e-04 -7.390250e-01 -1.726085e-03 7.963989e-04 9.999982e-01 4.634127e+01
9.999829e-01 5.800169e-03 7.616191e-04 3.408031e-02 -5.800122e-03 9.999832e-01 -6.598169e-05 -7.610315e-01 -7.619887e-04 6.156377e-05 9.999997e-01 4.775704e+01
9.999819e-01 6.010565e-03 -2.411952e-04 3.359221e-02 -6.010374e-03 9.999816e-01 7.926521e-04 -7.839856e-01 2.459554e-04 -7.911873e-04 9.999997e-01 4.917963e+01
9.999771e-01 6.648910e-03 -1.303817e-03 3.175532e-02 -6.647540e-03 9.999773e-01 1.052800e-03 -8.056350e-01 1.310788e-03 -1.044108e-03 9.999986e-01 5.060218e+01
9.999749e-01 6.638251e-03 -2.479480e-03 2.895795e-02 -6.636601e-03 9.999777e-01 6.739965e-04 -8.265408e-01 2.483900e-03 -6.575234e-04 9.999967e-01 5.202831e+01
9.999699e-01 6.882776e-03 -3.588301e-03 2.536977e-02 -6.875797e-03 9.999744e-01 1.954123e-03 -8.453836e-01 3.601659e-03 -1.929391e-03 9.999917e-01 5.345716e+01
9.999753e-01 5.497092e-03 -4.387406e-03 2.082938e-02 -5.484306e-03 9.999807e-01 2.921095e-03 -8.668316e-01 4.403379e-03 -2.896960e-03 9.999861e-01 5.488464e+01
9.999794e-01 4.003115e-03 -5.028578e-03 1.680870e-02 -3.988904e-03 9.999880e-01 2.833038e-03 -8.868800e-01 5.039859e-03 -2.812920e-03 9.999834e-01 5.631660e+01
9.999825e-01 1.719377e-03 -5.654443e-03 1.322910e-02 -1.705846e-03 9.999956e-01 2.396848e-03 -9.072442e-01 5.658540e-03 -2.387160e-03 9.999812e-01 5.774550e+01
9.999835e-01 3.749396e-04 -5.730769e-03 1.007535e-02 -3.587007e-04 9.999959e-01 2.834406e-03 -9.249469e-01 5.731809e-03 -2.832302e-03 9.999796e-01 5.917365e+01
9.999856e-01 -8.364906e-04 -5.300789e-03 6.524255e-03 8.549023e-04 9.999936e-01 3.472042e-03 -9.446035e-01 5.297852e-03 -3.476522e-03 9.999799e-01 6.060318e+01
9.999862e-01 -1.858791e-03 -4.917931e-03 2.764210e-03 1.878972e-03 9.999898e-01 4.102186e-03 -9.647484e-01 4.910257e-03 -4.111369e-03 9.999795e-01 6.202795e+01
